Order: 6
a = [1,-1,1]
b = [-1,1,1]

Order: 10
a = [1,-1,-1,1,1]
b = [1,-1,1,1,-1]

Order: 14
a = [1,1,1,-1,1,-1,-1]
b = [1,1,1,-1,1,-1,-1]

Order: 18
a = [1,-1,-1,1,1,-1,1,-1,1]
b = [1,-1,1,1,1,1,-1,-1,-1]

Order: 22
a = [1,1,-1,1,1,-1,1,1,-1,-1,-1]
b = [1,1,1,-1,1,-1,1,-1,-1,-1,1]

Order: 26
a = [-1,1,1,-1,1,1,1,-1,-1,-1,-1,1,1]
b = [1,-1,1,1,1,-1,-1,-1,1,-1,1,-1,1]

Order: 30
a = [1,1,-1,-1,1,-1,1,1,-1,-1,-1,1,-1,1,1]
b = [-1,1,-1,-1,1,-1,1,1,1,-1,1,1,1,-1,-1]

Order: 34
a = [1,1,-1,-1,1,-1,1,-1,-1,-1,1,1,1,-1,1,1,-1]
b = [-1,1,-1,1,1,1,-1,-1,1,1,1,1,-1,1,-1,-1,-1]

Order: 38
a = [-1,1,-1,-1,-1,1,1,1,-1,1,1,1,-1,-1,-1,1,-1,1,1]
b = [1,1,1,-1,-1,1,-1,-1,1,-1,-1,-1,1,1,-1,1,-1,1,1]

Order: 42
a = [1,-1,1,1,1,1,-1,-1,-1,1,1,-1,1,-1,1,-1,-1,-1,1,-1,1]
b = [-1,-1,-1,1,1,1,-1,-1,1,1,-1,1,1,1,-1,1,1,-1,1,-1,-1]

Order: 46
a = [1,1,1,-1,1,-1,1,-1,-1,1,1,1,1,-1,1,-1,-1,-1,1,-1,-1,1,-1]
b = [-1,-1,-1,1,-1,-1,1,-1,-1,-1,1,1,-1,1,1,1,1,-1,-1,1,1,1,1]

Order: 50
a = [1,1,1,-1,-1,-1,1,1,1,1,-1,-1,-1,-1,1,-1,-1,1,-1,1,-1,1,1,1,-1]
b = [-1,1,1,1,1,-1,1,1,1,-1,-1,1,-1,-1,-1,1,-1,1,1,-1,-1,1,-1,-1,1]

Order: 54
a = [-1,-1,-1,1,1,1,-1,-1,1,-1,1,-1,1,1,-1,1,1,1,1,-1,1,-1,-1,-1,1,-1,1]
b = [1,-1,-1,1,-1,-1,-1,-1,1,1,1,-1,1,1,-1,-1,-1,1,1,1,1,1,-1,1,1,-1,-1]

Order: 58
a = [-1,-1,1,-1,-1,1,1,-1,1,1,1,1,1,-1,-1,-1,1,-1,1,-1,-1,-1,-1,1,-1,1,1,1,1]
b = [-1,1,1,-1,1,1,1,-1,-1,1,-1,-1,-1,1,1,-1,-1,-1,-1,1,1,-1,1,-1,1,1,1,-1,1]

Order: 62
a = [-1,-1,-1,1,1,-1,-1,1,1,-1,1,-1,-1,-1,1,1,1,-1,1,-1,1,1,1,1,1,1,-1,-1,-1,1,-1]
b = [-1,-1,1,-1,1,-1,-1,-1,1,-1,1,1,1,1,-1,1,-1,-1,1,-1,1,1,1,1,-1,-1,1,1,-1,-1,1]

Order: 66
a = [1,1,-1,-1,1,-1,-1,1,1,1,-1,1,1,-1,1,1,-1,-1,-1,1,-1,-1,-1,-1,1,1,1,-1,1,-1,-1,1,1]
b = [1,-1,-1,1,-1,1,1,1,1,1,-1,1,1,-1,-1,-1,1,1,1,1,-1,1,-1,1,-1,-1,-1,1,-1,-1,-1,1,-1]

Order: 70
a = [-1,-1,1,-1,-1,-1,-1,1,1,1,1,1,1,-1,-1,1,1,-1,1,1,1,-1,-1,-1,1,1,-1,1,-1,1,1,1,-1,-1,-1]
b = [1,1,-1,1,-1,-1,-1,-1,1,-1,1,-1,1,1,1,-1,1,-1,1,1,-1,1,1,-1,1,1,-1,-1,1,1,-1,-1,-1,1,-1]

Order: 74
a = [-1,1,-1,-1,-1,-1,-1,1,1,1,-1,1,-1,1,-1,-1,1,-1,-1,1,1,-1,1,1,1,-1,-1,1,1,1,1,1,1,1,-1,-1,-1]
b = [1,-1,-1,-1,-1,1,1,-1,-1,1,1,-1,-1,1,-1,1,-1,1,-1,1,-1,-1,1,1,1,1,1,-1,-1,1,-1,1,1,-1,1,-1,1]

Order: 78
a = [1,1,1,-1,1,-1,-1,-1,1,-1,1,-1,-1,1,-1,1,-1,-1,-1,1,1,-1,-1,1,1,1,1,1,1,-1,1,1,-1,1,-1,-1,-1,1,-1]
b = [1,1,-1,-1,-1,1,1,-1,1,1,1,1,-1,1,-1,1,1,1,1,-1,-1,-1,1,-1,-1,1,-1,-1,1,1,1,1,-1,-1,-1,-1,1,-1,-1]

